%YAML:1.0
calibration_time: "Mon May  9 00:06:42 2016"
calibration_pattern: ASYMMETRIC_CIRCLES_GRID
board_width: 4
board_height: 11
square_size: 2.4499999359250069e-02
# monoCalib_flags: 
monoCalib_flags: 14336
# stereoCalib_flags: 
stereoCalib_flags: 14592
sensor_system:
   # Master sensor 
   Sensor_0:
      img_width: 512
      img_height: 424
      camera_matrix: !!opencv-matrix
         rows: 3
         cols: 3
         dt: d
         data: [ 3.6154786682149080e+02, 0., 2.5835355135786824e+02, 0.,
             3.6089181073659796e+02, 2.0575487215776474e+02, 0., 0., 1. ]
      distortion_coefficients: !!opencv-matrix
         rows: 1
         cols: 5
         dt: d
         data: [ 8.1123228034613387e-02, -2.5401647716173742e-01,
             -7.1939346256350565e-04, -3.9918163217997978e-04,
             8.5823592746789967e-02 ]
      ave_reprojection_err: 1.1334032684411889e-01
   # Slave sensor 
   sensor_1:
      img_width: 1920
      img_height: 1080
      camera_matrix: !!opencv-matrix
         rows: 3
         cols: 3
         dt: d
         data: [ 1.0500229488335692e+03, 0., 9.7136112531037020e+02, 0.,
             1.0497918256490759e+03, 5.4918051628416595e+02, 0., 0., 1. ]
      distortion_coefficients: !!opencv-matrix
         rows: 1
         cols: 5
         dt: d
         data: [ 2.9149065825195806e-02, -2.9654300241936486e-02,
             -8.0282793629378685e-04, -1.0993038057764051e-03,
             -5.7307859602833576e-03 ]
      ave_reprojection_err: 3.5651327752686252e-01
      rotation_matrix: !!opencv-matrix
         rows: 3
         cols: 3
         dt: d
         data: [ 9.9999863070816453e-01, -1.0118969315633594e-03,
             1.3094450716825987e-03, 1.0114393597790731e-03,
             9.9999942722596702e-01, 3.5005450901571112e-04,
             -1.3097985407500218e-03, -3.4872960540394365e-04,
             9.9999908140730054e-01 ]
      translation_vector: !!opencv-matrix
         rows: 3
         cols: 1
         dt: d
         data: [ 5.1627068568015556e-02, -7.7893035962837452e-05,
             3.8187016837237385e-03 ]
      essential_matrix: !!opencv-matrix
         rows: 3
         cols: 3
         dt: d
         data: [ -3.7603610013340930e-06, -3.8186723328628791e-03,
             -7.9229718153836661e-05, 3.8863175138802888e-03,
             1.4139754733570523e-05, -5.1622020763667301e-02,
             1.3011057848424321e-04, 5.1626960177647202e-02,
             1.8174284791557073e-05 ]
      fundamental_matrix: !!opencv-matrix
         rows: 3
         cols: 3
         dt: d
         data: [ 3.3129129761655984e-09, 3.3704016509316412e-06,
             -6.6909565687103291e-04, -3.4246356390014527e-06,
             -1.2482648595525357e-08, 1.7333964183171919e-02,
             1.7571624430429921e-03, -5.1112908823273205e-02, 1. ]
      stereo_reprojection_err: 2.9020768448722845e-01
      epipolar_constrain_err: 3.6925745207416122e-01
